 zfis(1,1)fis(1,2)fis(2,1)fis(2,2)
  0.69999999999999996        2.1613279114621599E+027  -19993841220598416.       -19993841220598412.        6548550.0507138167     
 zfis(1,1)fis(1,2)fis(2,1)fis(2,2)
  0.80000000000000004        2.5347850885594330E+027  -25913927202863128.       -25913927202863128.        9410426.8025997821     
 zfis(1,1)fis(1,2)fis(2,1)fis(2,2)
  0.90000000000000002        2.7962439603748165E+027  -31784865107779056.       -31784865107779056.        12825444.155918857     
 zfis(1,1)fis(1,2)fis(2,1)fis(2,2)
   1.0000000000000000        2.9443222062636445E+027  -37310483239841840.       -37310483239841840.        16715855.994414069     
 zfis(1,1)fis(1,2)fis(2,1)fis(2,2)
   1.1000000000000001        2.9878979885621305E+027  -42192537983016368.       -42192537983016368.        20908935.840031601     
 zfis(1,1)fis(1,2)fis(2,1)fis(2,2)
   1.2000000000000000        2.9406574546952812E+027  -46131104975639856.       -46131104975639856.        25117419.483105864     
 zfis(1,1)fis(1,2)fis(2,1)fis(2,2)
   1.3000000000000000        2.8174950415437561E+027  -48833583093956608.       -48833583093956608.        28939348.624823213     
 zfis(1,1)fis(1,2)fis(2,1)fis(2,2)
   1.3999999999999999        2.6325741510437306E+027  -50037250382279848.       -50037250382279848.        31892432.935150489     
 zfis(1,1)fis(1,2)fis(2,1)fis(2,2)
   1.5000000000000000        2.3986793213296787E+027  -49547762822202336.       -49547762822202336.        33493875.966397587     
 zfis(1,1)fis(1,2)fis(2,1)fis(2,2)
   1.6000000000000001        2.1275018582089672E+027  -47289750292115304.       -47289750292115304.        33380482.538266614     
 zfis(1,1)fis(1,2)fis(2,1)fis(2,2)
   1.7000000000000000        1.8305300537867223E+027  -43356381283951040.       -43356381283951048.        31436894.873672191     
 zfis(1,1)fis(1,2)fis(2,1)fis(2,2)
   1.8000000000000000        1.5201681839949946E+027  -38036776334144368.       -38036776334144360.        27875500.794597071     
 zfis(1,1)fis(1,2)fis(2,1)fis(2,2)
   1.8999999999999999        1.2105638007382715E+027  -31800501447875968.       -31800501447875972.        23213755.877333876     
 zfis(1,1)fis(1,2)fis(2,1)fis(2,2)
   2.0000000000000000        9.1747698457248874E+026  -25231298221101888.       -25231298221101896.        18138063.050293051     
 zfis(1,1)fis(1,2)fis(2,1)fis(2,2)
   2.0000000000000000        3.1820224005136072E+028  -5.3746006360736614E+017  -5.3746006360736614E+017   319896986.98731804     
 *** Error on w, with  Om0, ob0, ok0 and  H0 marginalized over ***
 The Fisher Matrix = [   9.2444202690450203E+026   1.7660975107275854E+026   1.5475486178159915E+026   8.5182879987949385E+026   3.1582625679369832E+027   8.0929307390229548E+027 ;   1.7660975107275854E+026   3.4217410915149434E+025   3.0086445746434948E+025   1.6034770511447049E+026   6.1400911292423546E+026   1.5443692541400641E+027 ;   1.5475486178159915E+026   3.0086445746434948E+025   2.6491576440170419E+025   1.3981148723400895E+026   5.4064443128584054E+026   1.3535495520738164E+027 ;   8.5182879987949385E+026   1.6034770511447049E+026   1.3981148723400895E+026   7.9892706698670057E+026   2.8532957324593260E+027   7.4583659284342772E+027 ;   3.1582625679369832E+027   6.1400911292423546E+026   5.4064443128584054E+026   2.8532957324593260E+027   1.1033560110721360E+028   2.7623460968842407E+028 ;   8.0929307390229548E+027   1.5443692541400641E+027   1.3535495520738164E+027   7.4583659284342772E+027   2.7623460968842407E+028   7.0884883061285337E+028 ]
 Figure of Merit  =   1.3044636324036767E+020
            Err[w] =  0.00000
           Err[wa] =  0.00000
         Err[wa_w] = -0.00000
      Err[ Omega_m]=  0.00000
 Err[ Omega_b]=   2.5626957125363775E-013
     Err[Omega_m_w]= -0.00000
       Err[Omega_k]=  0.00001
     Err[Omega_k_w]=  0.00000
          Err[H_0] =  0.00000
 *** Error on w, with  Om0, ob0, ok0 and  H0 marginalized over ***
 The Fisher Matrix = [   9.2444202690450203E+026   1.7660975107275854E+026   1.5475486178159915E+026   8.5182879987949385E+026   3.1582625679369832E+027   8.0929307390229548E+027 ;   1.7660975107275854E+026   3.4217410915149434E+025   3.0086445746434948E+025   1.6034770511447049E+026   6.1400911292423546E+026   1.5443692541400641E+027 ;   1.5475486178159915E+026   3.0086445746434948E+025   2.6491576440170419E+025   1.3981148723400895E+026   5.4064443128584054E+026   1.3535495520738164E+027 ;   8.5182879987949385E+026   1.6034770511447049E+026   1.3981148723400895E+026   7.9892706698670057E+026   2.8532957324593260E+027   7.4583659284342772E+027 ;   3.1582625679369832E+027   6.1400911292423546E+026   5.4064443128584054E+026   2.8532957324593260E+027   1.1033560110721360E+028   2.7623460968842407E+028 ;   8.0929307390229548E+027   1.5443692541400641E+027   1.3535495520738164E+027   7.4583659284342772E+027   2.7623460968842407E+028   7.0884883061285337E+028 ]
 Figure of Merit  =   1.3044636324036767E+020
            Err[w] =  0.00000
           Err[wa] =  0.00000
         Err[wa_w] = -0.00000
      Err[ Omega_m]=  0.00000
 Err[ Omega_b]=   2.5626957125363775E-013
     Err[Omega_m_w]= -0.00000
       Err[Omega_k]=  0.00001
     Err[Omega_k_w]=  0.00000
          Err[H_0] =  0.00000
